Exp 1
92.92929
91.62896
92.97052
93.27252
92.84116

93.24324
92.67735
94.25287
95.11628
92.84116

92.61745
90.60403
91.7226
91.49888
92.84116

Exp 2

91.61074
92.75862
93.64791
93.07958
91.66667

84.78261
87.9085
93.14079
88.48684
87.41722

99.63504
98.17518
94.16058
98.17518
96.35036

Exp 3

91.04478
87.25869
91.18774
86.33094
86.56716

88.4058
87.5969
90.83969
81.08108
84.05797

93.84615
86.92308
91.53846
92.30769
89.23077

DS2

88.88889
88.06419
89.39625
87.93619
88.94523

90.21627
88.32998
90.7312
87.67396
90.22634

87.6
87.8
88.1
88.2
87.7

DS3

87.63557
87.74194
87.59857
87.16814
89.31186

82.33696
81.81818
81.68449
83.35684
84.84006

93.66306
94.59042
94.43586
91.34467
94.2813