Exp 1

93.43891
92.56757
94.1704
95.55556
93.25843

94.50801
93.19728
94.38202
94.92274
93.67946

92.39374
91.94631
93.95973
96.19687
92.84116

Exp 2

93.00699
93.76114
92.61993
91.75627
91.75627

89.26174
91.63763
93.65672
90.14085
90.14085

97.08029
95.9854
91.60584
93.43066
93.43066

Exp 3

90.70632
87.78626
91.25475
88.48921
88.28125

87.76978
87.12121
90.22556
83.10811
89.68254

93.84615
88.46154
92.30769
94.61538
86.92308

DS2

89.24623
88.9336
89.45783
88.45382
89.2292

89.69697
89.47368
89.81855
88.81048
91.1366

88.8
88.4
89.1
88.1
87.4

DS3

88.12547
88.63976
86.78118
86.58265
89.17102

85.26012
85.81766
83.95954
83.19088
86.27168

91.19011
91.65379
89.79907
90.26275
92.27202