Exp 1 

90.8530318602261
88.9867841409692
89.4396551724138
91.1983032873807
90.4419321685509
89.210233592881
90.5109489051095
88.6898096304591
90.7975460122699
89.0380313199105
89.9683210137276
90.6882591093117
91.40625
90.3765690376569
90.3294367693942
90.6
91.1157024793389
90.5218317358893
90.983606557377
89.9043570669501

90.5737704918033
93.5185185185185
92.6339285714286
91.8803418803419
87.6494023904382
94.131455399061
89.1170431211499
95.1923076923077
90.4276985743381
90.8675799086758
89.873417721519
90.8722109533469
88.6363636363636
89.2561983471074
91.3978494623656
88.8235294117647
93.2346723044397
91.3978494623656
91.5463917525773
89.4291754756871

91.1340206185567
84.8739495798319
86.4583333333333
90.5263157894737
93.4182590233546
84.7780126849894
91.9491525423729
83.0188679245283
91.170431211499
87.280701754386
90.0634249471459
90.5050505050505
94.3548387096774
91.5254237288136
89.2857142857143
92.4489795918367
89.0909090909091
89.662447257384
90.4276985743381
90.3846153846154

Exp 2

86.5853658536585
86.9426751592357
86.4957264957265
88.4902840059791
87.5912408759124
88.2265275707899
86.0353130016051
88.0503144654088
86.4197530864198
89.5148669796557
87.2894333843798
85.9560067681895
89.7280966767372
87.4617737003058
88.3156297420334
88.9908256880734
88.455772113943
88.0763116057234
86.8098159509202
87.1544715447154

76.9647696476965
80.2941176470588
83.7748344370861
80.2168021680217
77.9220779220779
80.4347826086957
79.5252225519288
83.0860534124629
76.9230769230769
84.3657817109145
78.5123966942149
85.2348993288591
83.1932773109244
79.6657381615599
80.3867403314917
82.2033898305085
80.8219178082192
81.4705882352941
77.3224043715847
81.9571865443425

98.9547038327526
94.7916666666667
89.3992932862191
98.6666666666667
100
97.6897689768977
93.7062937062937
93.6454849498328
98.5915492957747
95.3333333333333
98.2758620689655
86.6894197952219
97.3770491803279
96.9491525423729
97.979797979798
97
97.682119205298
95.8477508650519
98.9510489510489
93.0555555555556

Exp 3

74.5387453874539
74.1573033707865
78.0141843971631
75.9124087591241
82.3104693140794
73.4375
80
78.5185185185185
74.1573033707865
78.2608695652174
75.1824817518248
75.9124087591241
77.5800711743772
73.8805970149254
74.1573033707865
78.8530465949821
76.8627450980392
78.9644012944984
77.5086505190311
75.2941176470588

79.5275590551181
74.4360902255639
75.8620689655172
81.8897637795276
84.4444444444444
71.7557251908397
76.7295597484277
75.177304964539
76.7441860465116
74.5222929936306
69.1275167785235
78.7878787878788
76.2237762237762
68.2758620689655
74.4360902255639
83.969465648855
83.0508474576271
74.390243902439
72.7272727272727
78.0487804878049

70.1388888888889
73.8805970149254
80.2919708029197
70.7482993197279
80.2816901408451
75.2
83.5616438356164
82.1705426356589
71.7391304347826
82.3943661971831
82.4
73.2394366197183
78.9855072463768
80.4878048780488
73.8805970149254
74.3243243243243
71.5328467153285
84.1379310344828
82.962962962963
72.7272727272727

DS2

82.080378250591
81.0408921933086
80.7245703669299
82.4362606232295
82.1659215101838
82.8641975308642
79.8608090474119
81.7234848484849
81.063122923588
82.4259789875836
82.3360459550024
83.0151737640724
82.0536540240518
78.6131996658312
81.0174281676872
82.4034334763949
79.3819410912603
79.9122807017544
80.2863961813843
81.1726981218507

79.4871794871795
73.8357324301439
77.9372197309417
78.7195671776375
82.8657314629259
83.5657370517928
71.2179984484096
77.1224307417337
75.5083996463307
81.9563152896486
78.8990825688073
81.0707456978968
76.9965277777778
68.2378535170413
75.5048287971905
80.4469273743017
73.7881508078995
71.2275215011728
72.0651242502142
77.3123909249564

84.8484848484848
89.8043254376931
83.718689788054
86.5213082259663
81.4778325123153
82.1743388834476
90.8910891089109
86.908358509567
87.5
82.9010566762728
86.0860860860861
85.0551654964895
87.8217821782178
92.7093596059113
87.3983739837398
84.4574780058651
85.8934169278997
91.008991008991
90.625
85.4387656702025

DS3

84.5618915159944
84.0925017519271
84.6745976207138
81.9526627218935
83.3333333333333
81.9672131147541
82.4946846208363
82.4981844589688
82.3529411764706
82.5714285714286
81.5431164901664
81.104033970276
80.3480783176215
83.248730964467
84.4563042028019
83.0383480825959
83.9539607312119
82.2840409956076
84.0195394277739
83.0723340790455

77.0595690747782
77.0218228498074
79.0849673202614
78.5815602836879
77.6315789473684
77.5978407557355
76.2778505897772
76.8606224627875
78.5225718194255
77.2727272727273
78.4570596797671
75.6935270805812
72.608125819135
76.5333333333333
76.5417170495768
79.2957746478873
75.5176613885506
76.4625850340136
77.1794871794872
84.0120663650075

93.6825885978428
92.5925925925926
91.1144578313253
85.6259659969088
89.9390243902439
86.8580060422961
89.8148148148148
89.0282131661442
86.5761689291101
88.6503067484662
84.8818897637795
87.3475609756098
89.9350649350649
91.2559618441971
94.1964285714286
87.1517027863777
94.5121951219512
89.0649762282092
92.1898928024502
82.1533923303835