EXP 1
91.4027
90.9507
89.90825688
89.67889908
87.03703704
89.57617411
91.81818182
89.57617411
88.02816901
89.67889908

92.44851259
93.19248826
92.23529412
92
90.16786571
91.78403756
93.30254042
91.78403756
92.59259259
92

90.3803132
88.81431767
87.69574944
87.47203579
84.1163311
87.47203579
90.3803132
87.47203579
83.89261745
87.47203579

Exp 2

88.1072
89.41176
88.06723
88.77888
87.60331

81.42415
82.86604
81.61994
81.0241
80.06042

95.9854
97.08029
95.62044
98.17518
96.7153

Exp 3

87.62542
87.87879
88.37209
86.91275
86.48649

80.8642
81.5625
81.09756
80.43478
80.50314

95.62044
95.25547
97.08029
94.52555
93.43066

DS2

80.63325
81.96897
80.63325
81.96897
79.55272
80.43127
81.27321
80.39003
79.71724
81.10111

85.36313
88.1473
85.36313
88.1473
85.07973
87.25146
86.55367
87.70686
87.36591
86.16423

76.4
76.6
76.4
76.6
74.7
74.6
76.6
74.2
73.3
76.6

DS3

83.07692
82.77282
82.76798
83.48307
83.51648
82.70159
81.46552
82.6423
82.76817
83.34485
82.85397

75.86207
74.44444
73.76058
75.5
75.15451
74.62687
76.10738
75.7732
74.93734
75.375
75.154139

91.80835
93.19938
94.2813
93.35394
93.97218
92.7357
87.63524
90.88099
92.42658
93.19938
92.349304