Exp 1

93.5760171
94.8665297
93.62591365
94.86652491
92.81147605
93.97089436
94.43254646
93.41692801
92.33997994
93.88600943

95.41485
95.65217
94.71459
95.45454
93.84966
93.38843
93.63057
93.31942
92.63158
94.375

91.80672
94.09369
92.56198
94.28571
91.79601
94.56067
95.24838
93.51464
92.05021
93.40206

Exp 2

91.45728554
91.25214362
92.96235539
92.43421428
91.61073761
93.77990507
90.26845367
92.17970022
90.69767134
92.72419952

88.34951
90.78498
91.6129
90.3537
90.09901
91.02167
85.94249
90.52288
88.34951
92.88136

94.79167
91.72414
94.35216
94.6128
93.17406
96.71053
95.053
93.8983
93.17406
92.56757

Exp 3

87.36462048
90.39145678
86.54545058
91.03943043
84.94208717
89.333334
91.27516323
89.19860563
88.0597
88.56088241

90.97744
92.70073
86.86131
91.36691
83.96947
91.78082
93.15068
87.07483
88.0597
86.33093

84.02778
88.19444
86.23188
90.71429
85.9375
87.01299
89.47368
91.42857
88.0597
90.90909

DS2

88.33992223
88.91079379
88.86699375
88.21446376
88.30525465
88.26151335
88.25623233
88.13220005
88.39555914
88.04123599

89.4
89.93021
88.95463
90.1758
88.92216
88.21782
87.5883
87.56219
89.11495
88.77339

87.30469
87.91423
88.77953
86.33663
87.69685
88.30525
88.93443
88.70968
87.68769
87.32106

DS3

88.21293063
88.23529529
87.70865075
87.15251718
87.62886398
86.95003466
87.83382719
87.80852352
86.85199315
87.21694906

87.21805
86.66667
86.26866
85.29412
86.60844
84.49275
86.04651
86.57817
85.25074
84.56091

89.23077
89.86175
89.19753
89.0937
88.67362
89.55453
89.69697
89.07435
88.51455
90.04525